
%%%%parameter required before tv process



epsi=1e-10;

hf1x=[0 0 0;-1 1 0;0 0 0];
hf1y=[0 -1 0;0 1 0;0 0 0];
hf2x=[0 0 0;0 1 -1;0 0 0];
hf2y=[0 0 0;0 1 0;0 -1 0];
